3.0	8.613170108501768
3.0	21.92752342096843
3.0	38.10081116793779
3.0	23.629992389064203
3.0	12.261557068527635
3.0	38.370329380039216
3.0	24.40529910273948
3.0	6.365481901484564
3.0	8.773418476903561
3.0	15.02594231177497
3.0	32.599724018992525
3.0	23.19944420194659
3.0	0.40411370635022065
3.0	24.627446802087114
3.0	1.2752339720558015
3.0	36.20087285684393
3.0	20.12340658592349
3.0	0.37193683320167303
3.0	24.996205892816455
3.0	22.82644385361538
0.0	0.0
0.0	0.0
0.0	0.0
0.0	0.0
0.0	16.858597420715483
0.0	19.402419874480433
0.0	0.0
0.0	17.360042948838927
0.0	21.2661080780748
0.0	25.307709428842934
0.0	12.925207255854477
0.0	20.372001820708867
0.0	0.0
0.0	0.0
0.0	20.549766093423912
0.0	0.0
0.0	40.7746287983891
0.0	0.0
0.0	0.0
0.0	0.0
2.0	45.54053258117788
2.0	24.747750075222942
2.0	38.97301856176799
2.0	22.90501784270849
2.0	19.886775290350748
2.0	39.31386856818594
2.0	10.053136780167478
2.0	25.592074437694393
2.0	35.18077524716972
2.0	13.32038742381107
2.0	50.02705956545967
2.0	92.8106606556919
2.0	43.83801834802552
2.0	18.633407006247833
2.0	21.24598912662433
2.0	20.20465713648197
2.0	23.027458471598937
2.0	20.07597371626488
2.0	93.55389770852425
2.0	55.374007407444324
1.0	0.5656371173583556
1.0	29.817121022682365
1.0	13.966770052677369
1.0	20.745306698823466
1.0	27.367336209916587
1.0	49.80480945767015
1.0	18.595328277453902
1.0	27.02673697403444
1.0	21.343451053365897
1.0	34.632289281677515
1.0	11.17627212822228
1.0	54.594493674625625
1.0	0.22831646690610305
1.0	0.638746614127256
1.0	6.277348615422698
1.0	6.40048904293532
1.0	33.543471264696656
1.0	6.732904448370308
1.0	16.505619897085715
1.0	26.41879239568859
