1.478448492046514	-2.0316265910954323
-2.410617010292658	3.1481673583561762
-2.7086031545350786	0.9995866420604346
-4.202322817000981	5.314261582767092
-2.9909403060284725	3.4178020216851985
3.9867015402928447	-2.3915107609042425
4.576237842056856	-5.391209804050983
-0.9430999428000675	2.13384018803613
4.363288822940779	-3.5983134901723477
-4.548553593319074	3.527386660392018
-1.8601633182727701	3.428159159968282
4.928884847246841	-4.971269566213631
-4.00276232808069	1.3909928420705937
2.058813135148882	-0.24635805866599578
-2.383370654580413	4.278655765494646
2.792952088047845	-2.7144133645652104
5.007417138917735	-3.431858234305465
-2.112686373111214	2.337080450771446
-4.833916751012056	4.044098581583642
6.025525859886642	-5.956472432796546
