0.5866136318101224
0.6308355259430363
0.08392860606723686
0.6335611883969348
0.4324789688413761
0.05628724709320278
0.20396273752180527
0.3984504921901067
0.6539038196016269
0.6584444353123885
0.11560374964120157
0.6622217019092601
0.653704003450937
0.35251605929141194
0.5749778048962865
0.09920632187092357
0.2878012642516265
0.634434143068858
0.5678724159107661
0.6550872431350959
0.4441264352357286
0.016668214726563484
0.6083327884002111
0.6418355250478875
0.4591445179696859
0.5339744061089515
0.5187472313538266
0.2607790444780018
0.4439765063429862
0.12953610189606365
0.4818346647629798
0.01499224958397711
0.2033595276478008
0.021578529710048432
0.05593795493627314
0.5929300359234941
0.4719168540742013
0.21776942695300924
0.6497937138761295
0.016113461408143112
0.3050638256365656
0.2523609425984041
0.5419819899187561
0.5705531637838657
0.14488571582449566
0.35661956355794283
0.3121831660988691
0.43903421889891076
0.4849105907196061
0.5308018673046726
0.20301206344817932
0.45986052407082956
0.44376061748815254
0.12078047386453193
0.0760118157457313
0.3643436469660562
0.6552391322975898
0.227450835730979
0.41505298151530784
0.17548584268836348
0.527237756839398
0.19393891250709616
0.3707783789884107
0.47558134249092254
0.6256314112254776
0.6549661877138069
0.39862804837546106
0.09582216752973412
0.10692988778342698
0.19509731376959996
0.6037870458674602
0.193541075202429
0.5862816471763874
0.18789137035274955
0.639785950792095
0.23223531613291243
0.15379409282244733
0.19193746814275772
0.425963000207685
0.34073935572046893
0.2331290770108141
0.5978276826995937
0.4150516594790281
0.39993859339753157
0.6349810215896327
0.2066819418957603
0.5334143325397724
0.5298047633143607
0.2515296498004882
0.4083216622047008
0.03934011169503457
0.025650979188813237
0.38900663011385356
0.555614513494095
0.6418432830906956
0.08687835083549432
0.4087377304966035
0.3368182741935855
0.007290817920806098
0.22594506239718773
0.12033742017735849
0.2156197359765305
0.12390278249960439
0.19760127783440987
0.46725652603526413
0.3173567456392102
0.17900622669650215
0.11014975035404685
0.3936599159520463
0.040993613126094494
0.06434843591580598
0.0047206009996354345
0.5885368574886805
0.04564831511751361
0.19619957888759482
0.29751667112536256
0.1400841945014728
0.10301049851548921
0.6175467546458603
0.40000882985974306
0.6102892219431967
0.2327497158295086
0.26899627585709773
0.18582588376165612
0.14206791412558598
0.28339536509857427
0.6297542785452571
0.3576314059400052
0.2262161792722096
0.24366421272325672
0.5566666445675449
0.18685298917727525
0.055361435382466496
0.645593594254825
0.4112940421272496
0.1827302182030851
0.5913462840632162
0.020036432632416376
0.4404877557616279
0.43977126976304276
0.3985182869971268
0.5203745583441326
0.46529901464662266
0.24316216061616264
0.5566428133106477
0.6398376448029446
0.3538511397090059
0.3134330406783499
0.3728539165777033
0.5887753719727141
0.4380291947060746
0.5842053967604451
0.2326295390889661
0.6201745833382925
0.42841418173106083
0.16329642380846765
0.33836598070626367
0.6057845091708695
0.17694740513939375
0.17812998875017771
0.21557925726978458
0.2962864949400617
0.6305142572445659
0.30519403569261766
0.19535974089190714
0.41846097108437524
0.42123047941671815
0.17402369565511072
0.21051434964045354
0.29019282174584426
0.0464798429586392
0.5756035135790443
0.6396134268473642
0.35554923187253135
0.18426240533850685
0.6573014260247403
0.3824474799680612
0.3558174205123003
0.4594399967593635
0.24247876041659588
0.01757351943996977
0.6335285236027972
0.05729496134114929
0.2251536497206267
0.09368212064867894
0.06444796193900523
0.360635090970766
0.49030076124693084
0.6256381782350985
0.47529178013578355
0.014449517954461316
0.3657811830436022
0.6304583759284927
0.4265693775526896
0.5793399552025857
0.1411219231654721
0.6240758054655848
0.3567459800664875
0.6679842442462666
0.3661675226592736